417.51539	0.00397305
418.51644	0.0074523178
419.51748	0.0075334901
420.51853	0.011845172
421.51958	0.011039815
422.52062	0.015174828
423.52167	0.021425626
424.52271	0.028283359
425.52376	0.03350173
426.5248	0.037610216
427.52585	0.050015254
428.52689	0.054207565
429.52794	0.065352045
430.52899	0.080418261
431.53003	0.10012138
432.53108	0.11545286
433.53212	0.13465515
434.53317	0.15233162
435.53421	0.18816839
436.53526	0.21739254
437.5363	0.24046139
438.53735	0.27391393
439.5384	0.29959409
440.53944	0.33025706
441.54049	0.39397361
442.54153	0.47479788
443.54258	0.54263882
444.54362	0.59497427
445.54467	0.65396743
446.54572	0.72812231
447.54676	0.79292646
448.54781	0.90043679
449.54885	0.95166765
450.5499	0.99074177
451.55094	0.99879852
452.55199	0.98747897
453.55303	0.94811995
454.55408	0.8886164
455.55513	0.83817127
456.55617	0.76979713
457.55722	0.71662556
458.55826	0.66434953
459.55931	0.5919693
460.56035	0.5217091
461.5614	0.48850963
462.56244	0.45175449
463.56349	0.43479107
464.56454	0.41551663
465.56558	0.39631328
466.56663	0.366253
467.56767	0.34496676
468.56872	0.33055629
469.56976	0.30910451
470.57081	0.29227267
471.57185	0.26132268
472.5729	0.24144926
473.57395	0.2288702
474.57499	0.22169627
475.57604	0.20735264
476.57708	0.19982749
477.57813	0.19505796
478.57917	0.18657253
479.58022	0.18257281
480.58126	0.18112922
481.58231	0.18242161
482.58336	0.18744474
483.5844	0.18948837
484.58545	0.19691802
485.58649	0.19784965
486.58754	0.20087159
487.58858	0.20510369
488.58963	0.2122824
489.59067	0.22231063
490.59172	0.23213725
491.59277	0.2376506
492.59381	0.24408072
493.59486	0.2579787
494.5959	0.26816715
495.59695	0.28732646
496.59799	0.30015646
497.59904	0.30965999
498.60009	0.32361048
499.60113	0.33317927
500.60218	0.35638499
501.60322	0.36219332
502.60427	0.37977535
503.60531	0.38804538
504.60636	0.39699449
505.6074	0.40816019
506.60845	0.42149473
507.6095	0.43480699
508.61054	0.44063866
509.61159	0.45109663
510.61263	0.45783764
511.61368	0.46896514
512.61472	0.47667704
513.61577	0.49127108
514.61681	0.49910182
515.61786	0.50551602
516.61891	0.50908654
517.61995	0.51220717
518.6210	0.51634218
519.62204	0.52145551
520.62309	0.52834719
521.62413	0.53506274
522.62518	0.53919776
523.62622	0.54269294
524.62727	0.54323197
525.62832	0.54427182
526.62936	0.54427182
527.63041	0.5451992
528.63145	0.54821902
529.6325	0.55117624
530.63354	0.55371964
531.63459	0.55820003
532.63563	0.5538215
533.63668	0.54742958
534.63773	0.54742958
535.63877	0.54742958
536.63982	0.54742958
537.64086	0.54742958
538.64191	0.54634092
539.64295	0.54220591
540.6440	0.53807089
541.64505	0.53436721
542.64609	0.53076645
543.64714	0.52690413
544.64818	0.52594916
545.64923	0.52001563
546.65027	0.51517712
547.65132	0.51248888
548.65236	0.50972743
549.65341	0.50598555
550.65446	0.50244845
551.6555	0.49809698
552.65655	0.4957849
553.65759	0.49007737
554.65864	0.48713925
555.65968	0.48078235
556.66073	0.47533584
557.66177	0.46813061
558.66282	0.46634429
559.66387	0.46351864
560.66491	0.45646567
561.66596	0.45111785
562.6670	0.45068811
563.66805	0.44709
564.66909	0.44240005
565.67014	0.43974895
566.67118	0.43741299
567.67223	0.43583358
568.67328	0.4355837
569.67432	0.43328859
570.67537	0.43217128
571.67641	0.4315845
572.67746	0.4294337
573.6785	0.42529869
574.67955	0.42320943
575.68059	0.42520956
576.68164	0.42807128
577.68269	0.42857741
578.68373	0.42637462
579.68478	0.42269799
580.68582	0.42378029
581.68687	0.42839597
582.68791	0.43326419
583.68896	0.43345571
584.69001	0.43629674
585.69105	0.43573968
586.6921	0.43722306
587.69314	0.4384868
588.69419	0.43999565
589.69523	0.44322344
590.69628	0.44460496
591.69732	0.44796009
592.69837	0.45030294
593.69942	0.45543112
594.70046	0.45956613
595.70151	0.46217001
596.70255	0.46356427
597.7036	0.46690666
598.70464	0.46777674
599.70569	0.46971267
600.70673	0.46904579
601.70778	0.47060398
602.70883	0.47301421
603.70987	0.4762558
604.71092	0.4795377
605.71196	0.47892759
606.71301	0.47795882
607.71405	0.47889947
608.7151	0.48216068
609.71614	0.48312202
610.71719	0.48743211
611.71824	0.48697266
612.71928	0.48740664
613.72033	0.49216875
614.72137	0.49159259
615.72242	0.49058987
616.72346	0.49058987
617.72451	0.49105303
618.72555	0.49153423
619.7266	0.49102385
620.72765	0.49146844
621.72869	0.48789262
622.72974	0.48639119
623.73078	0.48743211
624.73183	0.48791596
625.73287	0.48688618
626.73392	0.47989847
627.73496	0.47734605
628.73601	0.47564568
629.73706	0.47426734
630.7381	0.47172288
631.73915	0.46848554
632.74019	0.46619361
633.74124	0.4609779
634.74228	0.45808487
635.74333	0.45169242
636.74438	0.45057033
637.74542	0.44846834
638.74647	0.44769269
639.74751	0.43942267
640.74856	0.43310078
641.7496	0.43141261
642.75065	0.43003427
643.75169	0.42847714
644.75274	0.42401797
645.75379	0.41567791
646.75483	0.40606244
647.75588	0.40071144
648.75692	0.3964682
649.75797	0.39596949
650.75901	0.39054952
651.76006	0.38372414
652.7611	0.38085765
653.76215	0.37167298
654.7632	0.36193018
655.76424	0.35837769
656.76529	0.35581201
657.76633	0.35339064
658.76738	0.34911238
659.76842	0.34191404
660.76947	0.33301162
661.77051	0.32573847
662.77156	0.32480738
663.77261	0.32369325
664.77365	0.31844092
665.7747	0.30603588
666.77574	0.29748467
667.77679	0.29596574
668.77783	0.29298783
669.77888	0.28702406
670.77992	0.28071331
671.78097	0.27423544
672.78202	0.26232699
673.78306	0.25625869
674.78411	0.25465222
675.78515	0.25062968
676.7862	0.2456978
677.78724	0.24156279
678.78829	0.23318772
679.78934	0.22584401
680.79038	0.22508322
681.79143	0.21933856
682.79247	0.21615109
683.79352	0.21125953
684.79456	0.20519017
685.79561	0.19847621
686.79665	0.19329551
687.7977	0.1891605
688.79875	0.18825116
689.79979	0.1847825
690.80084	0.17736346
691.80188	0.17273717
692.80293	0.16796763
693.80397	0.16493932
694.80502	0.15863653
695.80606	0.15518432
696.80711	0.15116443
697.80816	0.14623149
698.8092	0.14209648
699.81025	0.13796147
700.81129	0.13609928
701.81234	0.13193562
702.81338	0.12744727
703.81443	0.12551345
704.81547	0.12044416
705.81652	0.11797398
706.81757	0.11744238
707.81861	0.11435465
708.81966	0.10878082
709.8207	0.10453758
710.82175	0.10315924
711.82279	0.10218517
712.82384	0.10072513
713.82488	0.098233194
714.82593	0.094882847
715.82698	0.091402518
716.82802	0.087510492
717.82907	0.084817481
718.83011	0.082500092
719.83116	0.077933752
720.8322	0.076923077
721.83325	0.076923077
722.8343	0.074433793
723.83534	0.072186434
724.83639	0.069614386
725.83743	0.065870911
726.83848	0.065040088
727.83952	0.062532766
728.84057	0.059776091
729.84161	0.059412142
730.84266	0.061938564
731.84371	0.059090636
732.84475	0.05263505
733.8458	0.051660983
734.84684	0.051660983
735.84789	0.051660983
736.84893	0.049700114
737.84998	0.046244721
738.85102	0.0437878
739.85207	0.041609411
740.85312	0.040608816
741.85416	0.039905323
742.85521	0.039029936
743.85625	0.031830239
744.8573	0.037135279
745.85834	0.037135279
746.85939	0.026525199
747.86043	0.031830239
748.86148	0.031830239
749.86253	0.029177719
750.86357	0.02955665
751.86462	0.02955665
752.86566	0.02955665
753.86671	0.02955665
754.86775	0.02955665
755.8688	0.02955665
756.86984	0.02955665
757.87089	0.02955665
758.87194	0.02955665
759.87298	0.02955665
760.87403	0.02955665
761.87507	0.02955665
762.87612	0.02955665
763.87716	0.02955665
764.87821	0.02955665
765.87925	0.02955665
766.8803	0.02955665
767.88135	0.02955665
768.88239	0.02955665
769.88344	0.02955665
770.88448	0.02955665
771.88553	0.02955665
772.88657	0.02955665
773.88762	0.02955665
774.88867	0.02955665

