380.2657	0
381.2684	0
382.2711	0.00090
383.27379	0.000985334
384.27649	0.000985334
385.27918	0.000985334
386.28188	0.000985334
387.28458	0.000985334
388.28727	0.000985334
389.28997	0.000985334
390.29266	0.000985334
391.29536	0.000985334
392.29805	0.000985334
393.30075	0.000985334
394.30345	0.000985334
395.30614	0.000985334
396.30884	0.000985334
397.31153	0.000985334
398.31423	0.000985334
399.31693	0.000985334
400.31962	0.000985334
401.32232	0.0040431267
402.32501	0.0067385445
403.32771	0.0067385445
404.3304	0.0067385445
405.3331	0.0080862534
406.3358	0.010781671
407.33849	0.010781671
408.34119	0.01212938
409.34388	0.010781671
410.34658	0.01212938
411.34928	0.013607381
412.35197	0.013607381
413.35467	0.017505366
414.35736	0.020057618
415.36006	0.02260987
416.36275	0.024094817
417.36545	0.029199322
418.36815	0.034303826
419.37084	0.039129903
420.37354	0.041682155
421.37623	0.049617339
422.37893	0.054721843
423.38163	0.060847248
424.38432	0.068086364
425.38702	0.073190868
426.38971	0.079873128
427.39241	0.089896518
428.3951	0.097553275
429.3978	0.10734464
430.4005	0.11755365
431.40319	0.12776266
432.40589	0.1382965
433.40858	0.15105776
434.41128	0.16539678
435.41398	0.17825085
436.41667	0.19463167
437.41937	0.21249743
438.42206	0.2303632
439.42476	0.25147728
440.42745	0.27514362
441.43015	0.30335761
442.43285	0.33068991
443.43554	0.36386919
444.43824	0.3974197
445.44093	0.43570348
446.44363	0.47398727
447.44633	0.51459128
448.44902	0.55542731
449.45172	0.59514964
450.45441	0.63190207
451.45711	0.66252909
452.4598	0.68962937
453.4625	0.71004739
454.4652	0.72545371
455.46789	0.73306406
456.47059	0.73287844
457.47328	0.72266944
458.47598	0.7112075
459.47868	0.69334174
460.48137	0.66995383
461.48407	0.64916457
462.48676	0.62480217
463.48946	0.6018319
464.49215	0.57886163
465.49485	0.56155272
466.49755	0.54178436
467.50024	0.52517152
468.50294	0.5086979
469.50563	0.49584383
470.50833	0.48159762
471.51103	0.46837231
472.51372	0.45593588
473.51642	0.44572687
474.51911	0.43551787
475.52181	0.42530886
476.5245	0.41570311
477.5272	0.40804635
478.5299	0.39978634
479.53259	0.39393936
480.53529	0.38911328
481.53798	0.38837081
482.54068	0.38595777
483.54338	0.38595777
484.54607	0.38697867
485.54877	0.39059823
486.55146	0.39315048
487.55416	0.39598116
488.55685	0.40233859
489.55955	0.40934568
490.56225	0.41445018
491.56494	0.42057559
492.56764	0.4278147
493.57033	0.43431135
494.57303	0.44117922
495.57573	0.44665497
496.57842	0.45570386
497.58112	0.46280376
498.58381	0.46943962
499.58651	0.47709637
500.58921	0.48507796
501.5919	0.49268831
502.5946	0.49918496
503.59729	0.50920835
504.59999	0.51644746
505.60268	0.52572838
506.60538	0.53227142
507.60808	0.5390929
508.61077	0.5441974
509.61347	0.55050843
510.61616	0.55876844
511.61886	0.56582194
512.62156	0.57092644
513.62425	0.57677342
514.62695	0.58429096
515.62964	0.58939547
516.63234	0.59449997
517.63503	0.59960448
518.63773	0.60470898
519.64043	0.61129843
520.64312	0.6180735
521.64582	0.62317801
522.64851	0.62828251
523.65121	0.63338701
524.65391	0.63849152
525.6566	0.64359602
526.6593	0.64953581
527.66199	0.65696054
528.66469	0.66206505
529.66738	0.66716955
530.67008	0.67227406
531.67278	0.67737856
532.67547	0.68248307
533.67817	0.68758757
534.68086	0.69269207
535.68356	0.69779658
536.68626	0.70290108
537.68895	0.70800559
538.69165	0.71311009
539.69434	0.7182146
540.69704	0.7233191
541.69973	0.72675304
542.70243	0.7303726
543.70513	0.7354771
544.70782	0.74058161
545.71052	0.74410835
546.71321	0.7476351
547.71591	0.75079061
548.71861	0.75334287
549.7213	0.75663759
550.7240	0.7617421
551.72669	0.76573289
552.72939	0.76777469
553.73208	0.77074459
554.73478	0.77408572
555.73748	0.7759419
556.74017	0.77849415
557.74287	0.78039674
558.74556	0.78364506
559.74826	0.78670776
560.75096	0.78870316
561.75365	0.78986327
562.75635	0.79144103
563.75904	0.79301879
564.76174	0.7941789
565.76443	0.79728801
566.76713	0.79932981
567.76983	0.80118599
568.77252	0.80248532
569.77522	0.80248532
570.77791	0.80387746
571.78061	0.80564083
572.78331	0.80564083
573.7860	0.80768264
574.7887	0.81023489
575.79139	0.81195186
576.79409	0.81376164
577.79678	0.81510737
578.79948	0.81728838
579.80218	0.81984064
580.80487	0.82141839
581.80757	0.82336738
582.81026	0.82591964
583.81296	0.82921436
584.81566	0.8326019
585.81835	0.83404044
586.82105	0.83821685
587.82374	0.84183641
588.82644	0.84527035
589.82913	0.84851867
590.83183	0.85232385
591.83453	0.85742835
592.83722	0.86253285
593.83992	0.86559556
594.84261	0.86958635
595.84531	0.87469086
596.84801	0.87979536
597.8507	0.88489986
598.8534	0.89000437
599.85609	0.89510887
600.85879	0.90021338
601.86148	0.9034617
602.86418	0.90726687
603.86688	0.91237138
604.86957	0.91747588
605.87227	0.92425095
606.87496	0.92870579
607.87766	0.9327894
608.88036	0.9378939
609.88305	0.9429984
610.88575	0.94810291
611.88844	0.95079437
612.89114	0.95733742
613.89383	0.96183867
614.89653	0.96536541
615.89923	0.97046992
616.90192	0.97288296
617.90462	0.97520319
618.90731	0.97947241
619.91001	0.98234949
620.91271	0.9844377
621.9154	0.9884749
622.9181	0.99111996
623.92079	0.99367221
624.92349	0.99497154
625.92618	0.99497154
626.92888	0.99497154
627.93158	0.99497154
628.93427	0.99497154
629.93697	0.99497154
630.93966	0.99497154
631.94236	0.99497154
632.94506	0.99265131
633.94775	0.99181603
634.95045	0.98875332
635.95314	0.98615467
636.95584	0.98360242
637.95853	0.97975084
638.96123	0.97692016
639.96393	0.97269734
640.96662	0.96759283
641.96932	0.96248833
642.97201	0.95738383
643.97471	0.95227932
644.97741	0.94717482
645.9801	0.93965727
646.9828	0.93162928
647.98549	0.92555028
648.98819	0.91789352
649.99088	0.91023677
650.99358	0.90392574
651.99628	0.89418078
652.99897	0.88712728
654.00167	0.87691828
655.00436	0.86879747
656.00706	0.85965577
657.00976	0.84944676
658.01245	0.84109394
659.01515	0.83218426
660.01784	0.82197525
661.02054	0.81176624
662.02323	0.80155723
663.02593	0.79134822
664.02863	0.78113921
665.03132	0.7709302
666.03402	0.75756568
667.03671	0.74735668
668.03941	0.73714767
669.04211	0.72693866
670.0448	0.7142238
671.0475	0.70336513
672.05019	0.69315612
673.05289	0.68067329
674.05558	0.66958259
675.05828	0.65937358
676.06098	0.64712277
677.06367	0.63580005
678.06637	0.62559104
679.06906	0.61222652
680.07176	0.60201752
681.07446	0.58962749
682.07715	0.5815995
683.07985	0.56883824
684.08254	0.55802597
685.08524	0.54781696
686.08793	0.53528772
687.09063	0.52424343
688.09333	0.51403442
689.09602	0.50382541
690.09872	0.49361641
691.10141	0.48586684
692.10411	0.48062312
693.10681	0.48062312
694.1095	0.48062312
695.1122	0.47092456
696.11489	0.4581633
697.11759	0.43983349
698.12028	0.42196773
699.12298	0.40883523
700.12568	0.39783734
701.12837	0.38762833
702.13107	0.37741933
703.13376	0.36721032
704.13646	0.35950716
705.13916	0.35027264
706.14185	0.34261589
707.14455	0.33495913
708.14724	0.32572462
709.14994	0.31806786
710.15263	0.31198886
711.15533	0.3043321
712.15803	0.29667535
713.16072	0.28767286
714.16342	0.28256835
715.16611	0.27528283
716.16881	0.26920383
717.17151	0.26154708
718.1742	0.2526838
719.1769	0.2475793
720.17959	0.24015456
721.18229	0.23421478
722.18498	0.22911027
723.18768	0.22349532
724.19038	0.21583856
725.19307	0.21064125
726.19577	0.20525832
727.19846	0.19760156
728.20116	0.19217222
729.20386	0.18706772
730.20655	0.18196321
731.20925	0.17685871
732.21194	0.17175421
733.21464	0.1666497
734.21733	0.1615452
735.22003	0.15644069
736.22273	0.1544917
737.22542	0.1493872
738.22812	0.14428269
739.23081	0.13950302
740.23351	0.13695077
741.23621	0.13282076
742.2389	0.1301757
743.2416	0.12507119
744.24429	0.12043074
745.24699	0.11787848
746.24968	0.11532623
747.25238	0.11119622
748.25508	0.10864397
749.25777	0.10706621
750.26047	0.10196171
751.26316	0.099409458
752.26586	0.098063725
753.26856	0.092959221
754.27125	0.091752702
755.27395	0.08920045
756.27664	0.086648197
757.27934	0.082518189
758.28203	0.079965937
759.28473	0.079873128
760.28743	0.076439189
761.29012	0.073886937
762.29282	0.07291244
763.29551	0.070360188
764.29821	0.067807936
765.30091	0.06683344
766.3036	0.064281188
767.3063	0.063306691
768.30899	0.060754439
769.31169	0.058202187
770.31438	0.057227691
771.31708	0.054675439
772.31978	0.053700942
773.32247	0.051473522
774.32517	0.051473522
775.32786	0.050777453
776.33056	0.048225201
777.33326	0.045672949
778.33595	0.044698453
779.33865	0.042146201
780.34134	0.042006987